1.187682032585144 1.1085257530212402
1.2582340240478516 1.1688305139541626
1.3161115646362305 1.2182499170303345
1.3607354164123535 1.2576839923858643
1.3916585445404053 1.287979245185852
1.408571720123291 1.3098304271697998
1.41130530834198 1.3236979246139526
1.399832010269165 1.3297334909439087
1.3742668628692627 1.327714204788208
1.3348655700683594 1.3169808387756348
1.2820228338241577 1.2964075803756714
1.216267466545105 1.2644315958023071
1.1382579803466797 1.2191935777664185
1.048775315284729 1.1588298082351685
0.948715329170227 1.0818828344345093
0.8390797972679138 0.9877060651779175
0.7209663391113281 0.8767044544219971
0.595557451248169 0.7503483295440674
0.46410873532295227 0.6110140681266785
0.32793620228767395 0.4617099165916443
0.18840312957763672 0.3057289719581604
0.046906519681215286 0.14634883403778076
-0.09513702988624573 -0.0133591890335083
-0.23630543053150177 -0.17060479521751404
-0.3751853406429291 -0.3228253126144409
-0.5103863477706909 -0.4676220417022705
-0.6405549049377441 -0.603094220161438
-0.7643877267837524 -0.728598952293396
-0.8806450963020325 -0.8449174761772156
-0.9881630539894104 -0.9528244137763977
-1.0858651399612427 -1.051011323928833
-1.1727733612060547 -1.1360421180725098
-1.2480173110961914 -1.2050554752349854
-1.3108439445495605 -1.2579805850982666
-1.3606241941452026 -1.2969105243682861
-1.3968596458435059 -1.3243275880813599
-1.4191875457763672 -1.342128038406372
-1.427384376525879 -1.351501703262329
-1.4213680028915405 -1.3530522584915161
-1.4011986255645752 -1.3468384742736816
-1.3670783042907715 -1.3323793411254883
-1.3193485736846924 -1.3087209463119507
-1.258487343788147 -1.2745589017868042
-1.1851037740707397 -1.2283718585968018
-1.0999327898025513 -1.1685826778411865
-1.0038268566131592 -1.0937936305999756
-0.8977483510971069 -1.0031201839447021
-0.7827591896057129 -0.8965978026390076
-0.6600106358528137 -0.7755467295646667
-0.5307316184043884 -0.6426717042922974
-0.39621636271476746 -0.5016481280326843
-0.25781169533729553 -0.3561581075191498
-0.11690322309732437 -0.20878173410892487
0.025098314508795738 -0.060527265071868896
0.16677124798297882 0.08842429518699646
0.30669721961021423 0.23715144395828247
0.44347527623176575 0.383064329624176
0.5757361054420471 0.5226340889930725
0.7021555304527283 0.6528440713882446
0.8214678764343262 0.7718253135681152
0.9324786067008972 0.8785966634750366
1.0340763330459595 0.9727249145507812
1.1252440214157104 1.054215431213379
1.2050687074661255 1.1234676837921143
1.2727513313293457 1.181179404258728
1.3276143074035645 1.2282127141952515
1.3691083192825317 1.2654646635055542
1.396817922592163 1.2937554121017456
1.4104657173156738 1.3137315511703491
1.4099150896072388 1.325789213180542
1.3951715230941772 1.329999327659607
1.3663827180862427 1.3260421752929688
1.3238366842269897 1.3131532669067383
1.2679595947265625 1.2900991439819336
1.1993107795715332 1.2552306652069092
1.118577480316162 1.2066569328308105
1.0265681743621826 1.142568826675415
0.9242037534713745 1.0616636276245117
0.8125092387199402 0.9635241031646729
0.692602813243866 0.848808765411377
0.5656849145889282 0.7192158699035645
0.4330262839794159 0.5772957801818848
0.29595500230789185 0.426152765750885
0.15584339201450348 0.269101083278656
0.014094210229814053 0.10938212275505066
-0.12787340581417084 -0.049994468688964844
-0.26863813400268555 -0.20630115270614624
-0.40679067373275757 -0.3570117950439453
-0.5409478545188904 -0.49979037046432495
-0.6697666049003601 -0.6329582333564758
-0.7919571995735168 -0.7562371492385864
-0.9062963128089905 -0.8705915808677673
-1.0116392374038696 -0.9764706492424011
-1.1069313287734985 -1.071958065032959
-1.191218376159668 -1.1534571647644043
-1.263656735420227 -1.2186541557312012
-1.3235211372375488 -1.268120527267456
-1.3702123165130615 -1.3041846752166748
-1.4032626152038574 -1.3292393684387207
-1.422341227531433 -1.345010757446289
-1.4272571802139282 -1.3525437116622925
-1.4179611206054688 -1.3523156642913818
-1.394546389579773 -1.3442590236663818
-1.357247233390808 -1.3277745246887207
-1.3064370155334473 -1.3018158674240112
-1.2426246404647827 -1.2650166749954224
-1.166448712348938 -1.2158257961273193
-1.078672170639038 -1.1526832580566406
-0.9801735281944275 -1.074277400970459
-0.8719390630722046 -0.979897677898407
-0.755052387714386 -0.8698505759239197
-0.6306837201118469 -0.745781660079956
-0.5000781416893005 -0.6106792688369751
-0.36454328894615173 -0.46832114458084106
-0.22543609142303467 -0.3222237825393677
-0.08414922654628754 -0.17460641264915466
0.05790278688073158 -0.026174426078796387
0.19929777085781097 0.12286436557769775
0.338620126247406 0.271228551864624
0.4744749963283539 0.41599202156066895
0.6055022478103638 0.5536272525787354
0.7303901314735413 0.6813703775405884
0.8478882312774658 0.7975949048995972
0.9568201899528503 0.9014678001403809
1.0560954809188843 0.9926612377166748
1.144720196723938 1.0712765455245972
1.2218070030212402 1.137792944908142
1.2865842580795288 1.1929584741592407
1.3384032249450684 1.2376540899276733
1.3767452239990234 1.272768259048462
1.4012264013290405 1.2990885972976685
1.4116016626358032 1.317211627960205
1.4077670574188232 1.3274635076522827
1.3897610902786255 1.3298311233520508
1.3577638864517212 1.323895812034607
1.3120959997177124 1.308785080909729
1.2532144784927368 1.2831615209579468
1.181708812713623 1.2452987432479858
1.098294973373413 1.1932908296585083
1.0038080215454102 1.1254065036773682
0.8991940021514893 1.0405198335647583
0.7855002284049988 0.9384537935256958
0.6638649106025696 0.8201161623001099
0.5355058908462524 0.6874234676361084
0.4017082452774048 0.5430842638015747
0.26381149888038635 0.3902812600135803
0.12319622933864594 0.23233240842819214
-0.018729763105511665 0.07243552803993225
-0.16054555773735046 -0.08646509051322937
-0.3008313775062561 -0.24169835448265076
-0.43818268179893494 -0.3907725512981415
-0.5712243914604187 -0.5314397811889648
-0.6986244916915894 -0.6622887849807739
-0.8191075325012207 -0.7834012508392334
-0.9314672350883484 -0.8958250880241394
-1.034578800201416 -0.9995714426040649
-1.127409815788269 -1.0921518802642822
-1.2090308666229248 -1.1699886322021484
-1.2786248922348022 -1.2314059734344482
-1.3354949951171875 -1.2775459289550781
-1.3790719509124756 -1.3108744621276855
-1.4089194536209106 -1.3336589336395264
-1.4247386455535889 -1.347456455230713
-1.4263710975646973 -1.3531739711761475
-1.4138004779815674 -1.351163625717163
-1.3871527910232544 -1.3412317037582397
-1.3466947078704834 -1.3226656913757324
-1.292831301689148 -1.2943336963653564
-1.2261017560958862 -1.254813551902771
-1.14717435836792 -1.2025344371795654
-1.0568389892578125 -1.1359676122665405
-0.9560003280639648 -1.0539042949676514
-0.845667839050293 -0.955833911895752
-0.7269461154937744 -0.8423494100570679
-0.60102379322052 -0.715424656867981
-0.4691615104675293 -0.5783008337020874
-0.33267948031425476 -0.4348006248474121
-0.19294410943984985 -0.28821560740470886
-0.05135437473654747 -0.14039018750190735
0.09067218005657196 0.008216112852096558
0.23171362280845642 0.15727663040161133
0.3703579008579254 0.30511629581451416
0.5052169561386108 0.4485357403755188
0.6349406242370605 0.5840880870819092
0.7582301497459412 0.70927894115448
0.8738511800765991 0.82270348072052
0.9806461930274963 0.9236608743667603
1.0775460004806519 1.0119251012802124
1.1635804176330566 1.0876911878585815
1.2378880977630615 1.1515122652053833
1.2997251749038696 1.2041789293289185
1.3484725952148438 1.246584415435791
1.3836420774459839 1.2796034812927246
1.4048817157745361 1.3039861917495728
1.411978840827942 1.3202731609344482
1.404862403869629 1.3287187814712524
1.383603572845459 1.3292218446731567
1.3484152555465698 1.3212621212005615
1.299649715423584 1.3038580417633057
1.2377952337265015 1.275571584701538
1.163470983505249 1.2346110343933105
1.0774211883544922 1.1790746450424194
0.9805072546005249 1.1073328256607056
0.8736994862556458 1.0184545516967773
0.7580671310424805 0.9125106334686279
0.634768009185791 0.7906538248062134
0.505036473274231 0.6550078392028809
0.37017133831977844 0.5084207057952881
0.2315228283405304 0.3541356325149536
0.09047907590866089 0.19546055793762207
-0.05154785141348839 0.03554317355155945
-0.19313602149486542 -0.12273949384689331
-0.33286792039871216 -0.27676665782928467
-0.4693445563316345 -0.42408129572868347
-0.6011996269226074 -0.5625582337379456
-0.7271130084991455 -0.6910943984985352
-0.8458240628242493 -0.8101062774658203
-0.956144392490387 -0.9206082224845886
-1.056969404220581 -1.0220822095870972
-1.147289752960205 -1.1115493774414062
-1.2262011766433716 -1.1856307983398438
-1.292913556098938 -1.243337631225586
-1.3467590808868408 -1.2862892150878906
-1.387198567390442 -1.317004919052124
-1.4138273000717163 -1.3376014232635498
-1.4263784885406494 -1.349473237991333
-1.4247267246246338 -1.3533939123153687
-1.4088882207870483 -1.3495913743972778
-1.3790218830108643 -1.3377455472946167
-1.3354264497756958 -1.3170369863510132
-1.2785385847091675 -1.2862548828125
-1.2089277505874634 -1.2439292669296265
-1.1272907257080078 -1.1884794235229492
-1.0344451665878296 -1.1184217929840088
-0.9313202500343323 -1.0326728820800781
-0.8189486861228943 -0.930941641330719
-0.6984553933143616 -0.8141255378723145
-0.5710467100143433 -0.6845207214355469
-0.4379982054233551 -0.5455847978591919
-0.3006419539451599 -0.40112215280532837
-0.16035312414169312 -0.25414764881134033
-0.018536200746893883 -0.10613290965557098
0.12338896840810776 0.04263743758201599
0.2640014886856079 0.19163084030151367
0.40189358592033386 0.3387691378593445
0.5356847047805786 0.48065483570098877
0.664035439491272 0.6139909029006958
0.7856607437133789 0.7365570068359375
0.8993428945541382 0.8471449613571167
1.0039438009262085 0.9451748132705688
1.0984163284301758 1.0305202007293701
1.181814432144165 1.103467583656311
1.2533034086227417 1.1646358966827393
1.3121672868728638 1.2148518562316895
1.3578169345855713 1.2550146579742432
1.389795184135437 1.2859786748886108
1.407781958580017 1.3084527254104614
1.4115971326828003 1.3229176998138428
1.4012025594711304 1.3295520544052124
1.3767023086547852 1.3281629085540771
1.3383417129516602 1.3181263208389282
1.2865046262741089 1.298351526260376
1.221710205078125 1.2673060894012451
1.1446071863174438 1.2231446504592896
1.0559673309326172 1.1639912128448486
0.9566781520843506 1.0883406400680542
0.847733736038208 0.9954745769500732
0.7302247881889343 0.8857145309448242
0.6053276658058167 0.7604529857635498
0.47429293394088745 0.6220062971115112
0.3384324014186859 0.4733467102050781
0.19910627603530884 0.317756712436676
0.05770942568778992 0.15852373838424683
-0.08434251695871353 -0.0012610256671905518
-0.2256273776292801 -0.15878595411777496
-0.3647306561470032 -0.3114757835865021
-0.5002596974372864 -0.4569145143032074
-0.6308576464653015 -0.5931391716003418
-0.7552169561386108 -0.7193882465362549
-0.8720926642417908 -0.8363643884658813
-0.9803145527839661 -0.9449223875999451
-1.0787992477416992 -1.043954849243164
-1.1665606498718262 -1.130114197731018
-1.242720127105713 -1.2003867626190186
-1.3065152168273926 -1.2544784545898438
-1.3573073148727417 -1.294382095336914
-1.394587755203247 -1.322598934173584
-1.4179835319519043 -1.341081142425537
-1.427260160446167 -1.3510679006576538
-1.422324776649475 -1.3532044887542725
-1.4032269716262817 -1.3475918769836426
-1.3701578378677368 -1.3337883949279785
-1.3234485387802124 -1.3108718395233154
-1.263566493988037 -1.2775609493255615
-1.191111445426941 -1.2323445081710815
-1.1068087816238403 -1.1736435890197754
-1.0115023851394653 -1.1000354290008545
-0.9061464667320251 -1.0105836391448975
-0.7917958498001099 -0.9052383303642273
-0.6695953607559204 -0.7852141261100769
-0.5407685041427612 -0.6531169414520264
-0.40660491585731506 -0.5125771760940552
-0.2684478759765625 -0.3673170208930969
-0.12768054008483887 -0.2200300395488739
0.014287755824625492 -0.07183453440666199
0.1560356765985489 0.07707810401916504
0.2961440980434418 0.22589260339736938
0.4332102835178375 0.37214046716690063
0.5658619999885559 0.512312650680542
0.6927711367607117 0.6433148980140686
0.812667191028595 0.7631931304931641
0.9243497848510742 0.8709149360656738
1.026700735092163 0.9660104513168335
1.1186953783035278 1.0484524965286255
1.1994127035140991 1.118614673614502
1.2680444717407227 1.1771751642227173
1.3239037990570068 1.2249889373779297
1.3664313554763794 1.2629550695419312
1.3952012062072754 1.291901707649231
1.4099254608154297 1.3124932050704956
1.4104567766189575 1.3251464366912842
1.3967896699905396 1.3299596309661865
1.3690611124038696 1.326645016670227
1.3275485038757324 1.3144727945327759
1.2726677656173706 1.2922455072402954
1.2049680948257446 1.2583410739898682
1.1251273155212402 1.2108772993087769
1.033944845199585 1.148024082183838
0.9323335886001587 1.0684257745742798
0.8213107585906982 0.9715884923934937
0.7019878625869751 0.8580871820449829
0.5755596160888672 0.7295455932617188
0.4432917535305023 0.5884591341018677
0.30650845170021057 0.4379022717475891
0.16657915711402893 0.28118377923965454
0.024904798716306686 0.12155887484550476
-0.11709622293710709 -0.037943243980407715
-0.25800225138664246 -0.19457411766052246
-0.3964025378227234 -0.3457963764667511
-0.5309115648269653 -0.4892506003379822
-0.660182535648346 -0.6231805086135864
-0.7829213738441467 -0.7471860647201538
-0.8978991508483887 -0.8621828556060791
-1.0039647817611694 -0.9687398076057434
-1.1000564098358154 -1.0651390552520752
-1.1852118968963623 -1.1478177309036255
-1.258578896522522 -1.2142693996429443
-1.3194226026535034 -1.264860987663269
-1.3671340942382812 -1.301854133605957
-1.4012356996536255 -1.3276766538619995
-1.4213857650756836 -1.344110131263733
-1.4273828268051147 -1.3522460460662842
-1.4191666841506958 -1.3526039123535156
-1.3968197107315063 -1.345157504081726
-1.3605655431747437 -1.3293461799621582
-1.3107671737670898 -1.3041534423828125
-1.2479231357574463 -1.2682318687438965
-1.1726627349853516 -1.2200398445129395
-1.085739254951477 -1.1580102443695068
-0.988023042678833 -1.0808000564575195
-0.8804923892021179 -0.9876408576965332
-0.7642239332199097 -0.8787457346916199
-0.6403815746307373 -0.7556540966033936
-0.5102053284645081 -0.6212625503540039
-0.3749983608722687 -0.47932255268096924
-0.23611438274383545 -0.3334107995033264
-0.0949438288807869 -0.18586859107017517
0.047099944204092026 -0.03749462962150574
0.18859484791755676 0.1115216314792633
0.3281242549419403 0.26002228260040283
0.4642913043498993 0.4051858186721802
0.5957326889038086 0.5434755086898804
0.7211324572563171 0.6720414161682129
0.8392351269721985 0.7891788482666016
0.948858380317688 0.8940091133117676
1.0489046573638916 0.9861687421798706
1.1383723020553589 1.0657285451889038
1.2163655757904053 1.1331419944763184
1.2821036577224731 1.1891406774520874
1.3349285125732422 1.2346010208129883
1.3743112087249756 1.2704145908355713
1.3998572826385498 1.2973803281784058
1.4113112688064575 1.31611168384552
1.4085582494735718 1.326958179473877
1.391626000404358 1.32993483543396
1.360683798789978 1.324656367301941
1.3160415887832642 1.3102848529815674
1.2581464052200317 1.2855175733566284
1.1875776052474976 1.2486525774002075
1.1050419807434082 1.197786569595337
1.011365532875061 1.131160020828247
0.9074864387512207 1.047586441040039
0.7944445610046387 0.9468090534210205
0.6733716130256653 0.8296538591384888
0.5454797744750977 0.697966456413269
0.41204947233200073 0.5544053912162781
0.2744165062904358 0.4021299481391907
0.1339588612318039 0.24445700645446777
-0.007917270995676517 0.08460167050361633
-0.14979146420955658 -0.07447159290313721
-0.29024332761764526 -0.2300734519958496
-0.427866667509079 -0.3797003924846649
-0.5612837076187134 -0.5210724472999573
-0.6891586780548096 -0.6526856422424316
-0.8102113604545593 -0.7745047211647034
-0.9232298135757446 -0.8875623345375061
-1.0270824432373047 -0.992024838924408
-1.120729684829712 -1.0855859518051147
-1.2032338380813599 -1.1646413803100586
-1.2737690210342407 -1.2272975444793701
-1.3316289186477661 -1.2745182514190674
-1.3762342929840088 -1.3087337017059326
-1.4071385860443115 -1.3322561979293823
-1.42403244972229 -1.346698522567749
-1.4267467260360718 -1.3530117273330688
-1.4152542352676392 -1.351589322090149
-1.3896698951721191 -1.3422789573669434
-1.3502501249313354 -1.3244049549102783
-1.297389268875122 -1.2968634366989136
-1.2316168546676636 -1.2582485675811768
-1.1535911560058594 -1.2069964408874512
-1.0640934705734253 -1.1415646076202393
-0.9640196561813354 -1.0607101917266846
-0.8543717861175537 -0.9638527035713196
-0.7362475991249084 -0.8514899015426636
-0.6108296513557434 -0.7254869937896729
-0.479373574256897 -0.5890061855316162
-0.34319549798965454 -0.4458613991737366
-0.2036588191986084 -0.2994251847267151
-0.06216049939393997 -0.15166574716567993
0.07988283038139343 -0.003116041421890259
0.22104907035827637 0.14594563841819763
0.35992491245269775 0.2939773201942444
0.49511998891830444 0.43786048889160156
0.6252807378768921 0.5741145014762878
0.7491040825843811 0.7001549005508423
0.8653503060340881 0.814505934715271
0.9728556275367737 0.9164254665374756
1.070543646812439 1.0056536197662354
1.157436490058899 1.08235502243042
1.2326641082763672 1.1470595598220825
1.2954734563827515 1.200543761253357
1.3452354669570923 1.2436985969543457
1.381452202796936 1.2774029970169067
1.4037610292434692 1.3024204969406128
1.4119384288787842 1.3193107843399048
1.4059027433395386 1.3283518552780151
1.3857141733169556 1.3294715881347656
1.3515750169754028 1.3221843242645264
1.3038270473480225 1.3055437803268433
1.242948293685913 1.2781449556350708
1.1695482730865479 1.238216519355774
1.0843616724014282 1.1838525533676147
0.9882415533065796 1.1133873462677002
0.8821501135826111 1.0258243083953857
0.7671495676040649 0.9211512804031372
0.6443912982940674 0.8004418611526489
0.5151042342185974 0.6657520532608032
0.3805827796459198 0.5198864340782166
0.24217374622821808 0.3660699129104614
0.10126282274723053 0.20761513710021973
-0.040739234536886215 0.047687649726867676
-0.18241076171398163 -0.11081402003765106
-0.32233336567878723 -0.26525354385375977
-0.4591062068939209 -0.4131607413291931
-0.5913599729537964 -0.5523669123649597
-0.7177705764770508 -0.6816626787185669
-0.8370723724365234 -0.8013592958450317
-0.9480710625648499 -0.9124956130981445
-1.0496553182601929 -1.014735221862793
-1.1408079862594604 -1.105250358581543
-1.2206166982650757 -1.1805763244628906
-1.2882823944091797 -1.2394959926605225
-1.3431273698806763 -1.283482551574707
-1.3846029043197632 -1.3150458335876465
-1.412293553352356 -1.3363544940948486
-1.4259220361709595 -1.3488558530807495
-1.4253520965576172 -1.3533668518066406
-1.4105892181396484 -1.3501559495925903
-1.3817813396453857 -1.3389453887939453
-1.339216947555542 -1.3189494609832764
-1.2833220958709717 -1.2889831066131592
-1.2146562337875366 -1.2475908994674683
-1.1339070796966553 -1.1931945085525513
-1.041882872581482 -1.124293565750122
-0.9395051002502441 -1.0397613048553467
-0.82779860496521 -0.9392315745353699
-0.7078818082809448 -0.8235001564025879
-0.5809552669525146 -0.6947580575942993
-0.448289692401886 -0.5563958883285522
-0.31121331453323364 -0.41223153471946716
-0.171098530292511 -0.265375554561615
-0.029348069801926613 -0.11742202937602997
0.11261887848377228 0.03129616379737854
0.25338101387023926 0.1803228259086609
0.39152902364730835 0.3277127742767334
0.525679886341095 0.4701237678527832
0.6544904708862305 0.6042037606239319
0.7766711711883545 0.7276418209075928
0.8909987807273865 0.8391679525375366
0.9963287115097046 0.9381633996963501
1.0916063785552979 1.0244683027267456
1.1758779287338257 1.0983408689498901
1.2482995986938477 1.160378336906433
1.3081464767456055 1.2113960981369019
1.3548192977905273 1.2522927522659302
1.3878506422042847 1.2839287519454956
1.4069101810455322 1.3070287704467773
1.4118067026138306 1.3220926523208618
1.4024914503097534 1.3293242454528809
1.37905752658844 1.3285621404647827
1.3417396545410156 1.3192155361175537
1.2909114360809326 1.3002305030822754
1.2270816564559937 1.2701047658920288
1.15088951587677 1.2270092964172363
1.063097596168518 1.1690564155578613
0.9645850658416748 1.0946987867355347
0.8563380837440491 1.0031447410583496
0.739440381526947 0.8946340084075928
0.6150623559951782 0.7704806327819824
0.484449177980423 0.6329394578933716
0.34890854358673096 0.48494285345077515
0.20979741215705872 0.32976317405700684
0.06850853562355042 0.17069566249847412
-0.07354355603456497 0.010850667953491211
-0.21493667364120483 -0.1469392627477646
-0.3542552590370178 -0.30008426308631897
-0.49010446667671204 -0.4461531639099121
-0.621124267578125 -0.5831253528594971
-0.7460028529167175 -0.7101237177848816
-0.863490104675293 -0.8277636766433716
-0.9724096655845642 -0.9369666576385498
-1.0716711282730103 -1.0368235111236572
-1.160280704498291 -1.1240928173065186
-1.2373511791229248 -1.1956233978271484
-1.3021111488342285 -1.2508940696716309
-1.353912115097046 -1.2917864322662354
-1.392235517501831 -1.3208141326904297
-1.41669762134552 -1.3399852514266968
-1.427053451538086 -1.3505887985229492
-1.4231995344161987 -1.353312373161316
-1.4051743745803833 -1.348298192024231
-1.37315833568573 -1.3351447582244873
-1.3274720907211304 -1.3129630088806152
-1.2685729265213013 -1.280493974685669
-1.1970505714416504 -1.236238956451416
-1.1136209964752197 -1.1786179542541504
-1.0191196203231812 -1.1061851978302002
-0.9144924879074097 -1.0179543495178223
-0.8007870316505432 -0.9137932658195496
-0.6791417598724365 -0.7948113679885864
-0.5507744550704956 -0.6635136604309082
-0.41697028279304504 -0.5234794616699219
-0.27906888723373413 -0.3784646987915039
-0.13845089077949524 -0.2312735915184021
0.0034759193658828735 -0.08313703536987305
0.14529059827327728 0.06573182344436646
0.2855733633041382 0.2146192193031311
0.42291972041130066 0.36118191480636597
0.55595463514328 0.5019373297691345
0.683346152305603 0.6337204575538635
0.803818941116333 0.7544906139373779
0.9161668419837952 0.8631592988967896
1.019265055656433 0.9592218399047852
1.1120814085006714 1.0426185131072998
1.193686604499817 1.113694190979004
1.2632637023925781 1.1731088161468506
1.3201161623001099 1.2217085361480713
1.3636746406555176 1.2603929042816162
1.393503189086914 1.2900002002716064
1.409303069114685 1.3112090826034546
1.4109162092208862 1.3244582414627075
1.3983263969421387 1.329872727394104
1.3716596364974976 1.327196478843689
1.3311829566955566 1.3157343864440918
1.2773016691207886 1.294324278831482
1.210555076599121 1.2613730430603027
1.1316114664077759 1.21500825881958
1.0412611961364746 1.1533821821212769
0.9404088854789734 1.0750879049301147
0.8300641775131226 0.9795559644699097
0.7113317847251892 0.8672778606414795
0.5854005217552185 0.7398027181625366
0.45353105664253235 0.5995669960975647
0.317043662071228 0.4496161937713623
0.17730478942394257 0.29325008392333984
0.03571349382400513 0.1337357759475708
-0.10631268471479416 -0.02587541937828064
-0.24735182523727417 -0.18281590938568115
-0.3859918713569641 -0.3345355987548828
-0.5208448767662048 -0.47865504026412964
-0.6505606174468994 -0.6133443117141724
-0.7738405466079712 -0.7380832433700562
-0.8894503116607666 -0.8537266850471497
-0.9962325692176819 -0.960951030254364
-1.0931181907653809 -1.0582401752471924
-1.1791372299194336 -1.142082691192627
-1.2534284591674805 -1.209791898727417
-1.3152480125427246 -1.261522889137268
-1.3639771938323975 -1.29945969581604
-1.3991279602050781 -1.3260598182678223
-1.4203485250473022 -1.3431614637374878
-1.4274262189865112 -1.3519039154052734
-1.420290470123291 -1.3528472185134888
-1.3990124464035034 -1.346008062362671
-1.3638054132461548 -1.3308639526367188
-1.3150216341018677 -1.3064286708831787
-1.2531497478485107 -1.271376371383667
-1.1788090467453003 -1.2241737842559814
-1.0927437543869019 -1.163248896598816
-0.995815634727478 -1.0872306823730469
-0.8889951109886169 -0.9952919483184814
-0.7733515501022339 -0.8875582218170166
-0.6500428318977356 -0.7654602527618408
-0.5203033685684204 -0.6318024396896362
-0.3854321539402008 -0.49030113220214844
-0.2467794269323349 -0.3445892632007599
-0.10573337227106094 -0.19712591171264648
0.03629392385482788 -0.04881089925765991
0.17788052558898926 0.10017675161361694
0.31760892271995544 0.24879682064056396
0.454080194234848 0.39433979988098145
0.5859280824661255 0.5332670211791992
0.7118324637413025 0.662645697593689
0.8305329084396362 0.7806916236877441
0.940841019153595 0.8864763975143433
1.0416524410247803 0.9796029329299927
1.131957769393921 1.0601098537445068
1.210853099822998 1.1284241676330566
1.2775484323501587 1.1852617263793945
1.3313759565353394 1.2314921617507935
1.37179696559906 1.268009901046753
1.3984066247940063 1.2956246137619019
1.4109385013580322 1.3149663209915161
1.4092673063278198 1.3264073133468628
1.3934096097946167 1.3299912214279175
1.363524317741394 1.3253639936447144
1.3199105262756348 1.3117247819900513
1.2630048990249634 1.2878037691116333
1.193377137184143 1.2519254684448242
1.1117243766784668 1.202190637588501
1.0188640356063843 1.1368149518966675
0.915725827217102 1.0545525550842285
0.8033424019813538 0.9550693035125732
0.6828388571739197 0.8391073942184448
0.5554215908050537 0.708440899848938
0.42236635088920593 0.5656761527061462
0.2850051522254944 0.4139472246170044
0.14471326768398285 0.25656962394714355
0.002895232057198882 0.09677255153656006
-0.1390291154384613 -0.062458157539367676
-0.2796388864517212 -0.2184135913848877
-0.4175263047218323 -0.3685799837112427
-0.5513109564781189 -0.5106480121612549
-0.6796533465385437 -0.6430253386497498
-0.8012686371803284 -0.7655578851699829
-0.9149392247200012 -0.8792509436607361
-1.0195270776748657 -0.9844158887863159
-1.1139850616455078 -1.078935146331787
-1.197367548942566 -1.1591976881027222
-1.268839716911316 -1.2230989933013916
-1.3276859521865845 -1.2714152336120605
-1.3733172416687012 -1.3065314292907715
-1.4052766561508179 -1.3308017253875732
-1.4232442378997803 -1.3458939790725708
-1.4270401000976562 -1.3528048992156982
-1.416626214981079 -1.351969599723816
-1.3921068906784058 -1.3432769775390625
-1.3537275791168213 -1.326088786125183
-1.3018724918365479 -1.2993288040161133
-1.2370609045028687 -1.261610746383667
-1.159941554069519 -1.2113755941390991
-1.0712865591049194 -1.1470725536346436
-0.9719834923744202 -1.06742262840271
-0.8630266785621643 -0.971781313419342
-0.745506763458252 -0.8605507612228394
-0.6206004619598389 -0.7354882955551147
-0.48955827951431274 -0.5996729135513306
-0.35369208455085754 -0.4569041430950165
-0.21436217427253723 -0.3106277883052826
-0.07296346873044968 -0.1629367172718048
0.0690883919596672 -0.014444440603256226
0.2103712409734726 0.13461020588874817
0.3494705855846405 0.2828144431114197
0.4849938452243805 0.42714112997055054
0.615584135055542 0.5640817880630493
0.7399341464042664 0.6909626722335815
0.8567987680435181 0.8062362670898438
0.9650081396102905 0.9091165065765381
1.0634788274765015 0.9993096590042114
1.151224970817566 1.0769494771957397
1.2273681163787842 1.142541766166687
1.2911460399627686 1.19684898853302
1.341920018196106 1.2407580614089966
1.3791817426681519 1.2751524448394775
1.4025583267211914 1.300808310508728
1.4118156433105469 1.3183029890060425
1.4068609476089478 1.3279391527175903
1.3877439498901367 1.3296730518341064
1.3546559810638428 1.3230526447296143
1.3079283237457275 1.3071675300598145
1.2480288743972778 1.2806459665298462
1.1755571365356445 1.2417383193969727
1.0912388563156128 1.1885367631912231
0.9959180355072021 1.119342565536499
0.8905491828918457 1.0330942869186401
0.7761870622634888 0.9296989440917969
0.6539767384529114 0.8101485967636108
0.5251416563987732 0.6764315366744995
0.39097172021865845 0.5313057899475098
0.25281018018722534 0.3779774308204651
0.11204025149345398 0.21976161003112793
-0.029928704723715782 0.05984017252922058
-0.17167535424232483 -0.0988653153181076
-0.31178057193756104 -0.253702312707901
-0.4488416910171509 -0.4021894335746765
-0.5814864635467529 -0.5421172976493835
-0.7083868980407715 -0.6721752882003784
-0.8282725811004639 -0.792563796043396
-0.9399431943893433 -0.9043325185775757
-1.042280673980713 -1.007320761680603
-1.1342605352401733 -1.0988616943359375
-1.2149618864059448 -1.1754255294799805
-1.2835768461227417 -1.2355678081512451
-1.3394182920455933 -1.2806041240692139
-1.3819273710250854 -1.3130278587341309
-1.4106782674789429 -1.3350567817687988
-1.4253833293914795 -1.3481924533843994
-1.4258952140808105 -1.353295087814331
-1.4122087955474854 -1.3506746292114258
-1.3844612836837769 -1.3400943279266357
-1.3429301977157593 -1.320804476737976
-1.2880314588546753 -1.2916450500488281
-1.220314860343933 -1.2511773109436035
-1.140458106994629 -1.1978254318237305
-1.0492607355117798 -1.1300747394561768
-0.9476358890533447 -1.0467565059661865
-0.8366010189056396 -0.9474329948425293
-0.717267632484436 -0.8327991962432861
-0.5908305644989014 -0.7049395442008972
-0.4585556089878082 -0.5671738386154175
-0.32176709175109863 -0.4233258068561554
-0.18183444440364838 -0.27659785747528076
-0.04015868529677391 -0.1287064105272293
0.10184180736541748 0.01995760202407837
0.24274536967277527 0.1690061092376709
0.3811413049697876 0.3166270852088928
0.5156440734863281 0.45954447984695435
0.6449070572853088 0.5943546295166016
0.7676361203193665 0.7186576128005981
0.8826025128364563 0.831118106842041
0.9886552691459656 0.9310778379440308
1.0847326517105103 1.0183444023132324
1.1698726415634155 1.0931453704833984
1.2432230710983276 1.1560564041137695
1.3040492534637451 1.2078816890716553
1.3517425060272217 1.2495166063308716
1.385825276374817 1.281830072402954
1.4059562683105469 1.3055583238601685
1.4119338989257812 1.3212223052978516
1.403698444366455 1.3290505409240723
1.381332278251648 1.3289114236831665
1.3450593948364258 1.3202494382858276
1.2952429056167603 1.3020453453063965
1.2323815822601318 1.2728285789489746
1.1571046113967896 1.2307875156402588
1.0701658725738525 1.174026608467102
0.9724355936050415 1.1009563207626343
0.864892303943634 1.0107165575027466
0.7486127018928528 0.9034624099731445
0.6247609257698059 0.7804306745529175
0.4945768713951111 0.6438116431236267
0.35936397314071655 0.4964974522590637
0.2204759269952774 0.3417477011680603
0.07930321991443634 0.18286317586898804
-0.06274077296257019 0.022974133491516113
-0.20423395931720734 -0.13506531715393066
-0.3437597453594208 -0.28865137696266174
-0.47992125153541565 -0.43533855676651
-0.6113552451133728 -0.5730529427528381
-0.7367459535598755 -0.7008048295974731
-0.8548378944396973 -0.8191152811050415
-0.9644488096237183 -0.9289581179618835
-1.064481258392334 -1.0296194553375244
-1.1539338827133179 -1.117978811264038
-1.231911063194275 -1.1907645463943481
-1.2976319789886475 -1.2472261190414429
-1.3504388332366943 -1.2891221046447754
-1.3898028135299683 -1.3189728260040283
-1.415329933166504 -1.3388400077819824
-1.4267646074295044 -1.3500643968582153
-1.4239922761917114 -1.3533754348754883
-1.4070407152175903 -1.3489575386047363
-1.3760796785354614 -1.336449146270752
-1.3314191102981567 -1.3149945735931396
-1.2735061645507812 -1.2833585739135742
-1.2029205560684204 -1.2400565147399902
-1.1203690767288208 -1.1835060119628906
-1.026678204536438 -1.112243413925171
-0.9227858781814575 -1.025232195854187
-0.8097322583198547 -0.9222618937492371
-0.6886491775512695 -0.8043364882469177
-0.5607489347457886 -0.6738595962524414
-0.4273119568824768 -0.5343531966209412
-0.28967419266700745 -0.38960084319114685
-0.14921365678310394 -0.24251219630241394
-0.007336566224694252 -0.09443515539169312
0.13453665375709534 0.05438694357872009
0.2749856114387512 0.20333296060562134
0.4126041531562805 0.350189208984375
0.5460145473480225 0.4915097951889038
0.6738811135292053 0.6240620017051697
0.7949236035346985 0.7457175254821777
0.907930314540863 0.8553309440612793
1.0117697715759277 0.9523599147796631
1.1054024696350098 1.036712884902954
1.187890887260437 1.1087056398391724
1.2584091424942017 1.1689794063568115
1.3162513971328735 1.2183704376220703
1.3608384132385254 1.257778525352478
1.391723871231079 1.2880498170852661
1.4085984230041504 1.309878945350647
1.4112932682037354 1.3237247467041016
1.3997814655303955 1.3297393321990967
1.374178171157837 1.3276971578598022
1.3347396850585938 1.316938877105713
1.2818609476089478 1.2963368892669678
1.216071367263794 1.264327049255371
1.1380294561386108 1.2190505266189575
1.0485166311264038 1.1586432456970215
0.9484291672706604 1.081649661064148
0.8387690186500549 0.9874260425567627
0.7206340432167053 0.8763803243637085
0.5952069759368896 0.7499853372573853
0.4637435972690582 0.6106196045875549
0.3275600075721741 0.46129244565963745
0.18801970779895782 0.30529773235321045
0.04651966691017151 0.14591285586357117
-0.09552343189716339 -0.013792157173156738
-0.23668751120567322 -0.171027272939682
-0.3755592703819275 -0.32323095202445984
-0.5107483863830566 -0.4680042266845703
-0.6409013867378235 -0.6034495830535889
-0.7647152543067932 -0.728927731513977
-0.8809503316879272 -0.8452228903770447
-0.9884430170059204 -0.9531061053276062
-1.0861170291900635 -1.0512627363204956
-1.1729944944381714 -1.1362524032592773
-1.2482056617736816 -1.2052208185195923
-1.3109976053237915 -1.2581045627593994
-1.3607414960861206 -1.2969999313354492
-1.3969395160675049 -1.3243885040283203
-1.4192291498184204 -1.3421648740768433
-1.4273872375488281 -1.3515163660049438
-1.4213322401046753 -1.353046178817749
-1.4011244773864746 -1.3468105792999268
-1.3669666051864624 -1.3323278427124023
-1.3192003965377808 -1.3086427450180054
-1.2583041191101074 -1.2744503021240234
-1.184887409210205 -1.2282280921936035
-1.0996854305267334 -1.1683998107910156
-1.0035510063171387 -1.0935685634613037
-0.8974466919898987 -1.0028510093688965
-0.7824348211288452 -0.8962867259979248
-0.6596667766571045 -0.7751992344856262
-0.5303716659545898 -0.6422966718673706
-0.3958440124988556 -0.5012564659118652
-0.2574306130409241 -0.3557584881782532
-0.11651723086833954 -0.20837906002998352
0.025485346093773842 -0.060122400522232056
0.1671554446220398 0.08883079886436462
0.30707472562789917 0.2375544309616089
0.4438423216342926 0.38345468044281006
0.5760890245437622 0.5230025053024292
0.7024907469749451 0.653184175491333
0.8217820525169373 0.7721331119537354
0.9327686429023743 0.8788708448410034
1.0343393087387085 0.9729642868041992
1.1254771947860718 1.0544202327728271
1.2052699327468872 1.1236401796340942
1.272918462753296 1.181321382522583
1.3277456760406494 1.2283270359039307
1.3692026138305664 1.2655537128448486
1.3968743085861206 1.2938206195831299
1.410483479499817 1.3137750625610352
1.4098942279815674 1.3258113861083984
1.3951120376586914 1.329999566078186
1.3662853240966797 1.3260201215744019
1.323702335357666 1.3131049871444702
1.267789602279663 1.2900210618972778
1.1991069316864014 1.2551181316375732
1.1183418035507202 1.2065043449401855
1.0263029336929321 1.1423717737197876
0.9239116311073303 1.0614192485809326
0.8121932148933411 0.9632335901260376
0.6922659873962402 0.8484752178192139
0.5653307437896729 0.7188444137573242
0.43265825510025024 0.5768951773643494
0.295576810836792 0.4257314205169678
0.15545883774757385 0.2686682939529419
0.013707119040191174 0.10894647240638733
-0.12825915217399597 -0.050425589084625244
-0.26901867985725403 -0.20672059059143066
-0.4071621894836426 -0.3574124276638031
-0.5413066744804382 -0.5001667141914368
-0.6701090931892395 -0.6333074569702148
-0.7922798991203308 -0.7565603256225586
-0.9065960049629211 -0.8708917498588562
-1.0119129419326782 -0.9767463803291321
-1.1071761846542358 -1.0722007751464844
-1.191432237625122 -1.1536574363708496
-1.263837218284607 -1.2188093662261963
-1.3236665725708008 -1.268235683441162
-1.3703210353851318 -1.3042668104171753
-1.4033336639404297 -1.3292943239212036
-1.42237389087677 -1.34504234790802
-1.4272511005401611 -1.3525536060333252
-1.4179165363311768 -1.3523045778274536
-1.3944635391235352 -1.3442260026931763
-1.3571269512176514 -1.3277173042297363
-1.3062806129455566 -1.3017313480377197
-1.2424335479736328 -1.2649002075195312
-1.1662250757217407 -1.2156734466552734
-1.0784178972244263 -1.1524910926818848
-0.9798914194107056 -1.0740418434143066
-0.871631920337677 -0.9796189665794373
-0.7547231912612915 -0.8695306181907654
-0.630335807800293 -0.7454270124435425
-0.49971503019332886 -0.610299825668335
-0.36416858434677124 -0.467926949262619
-0.22505353391170502 -0.32182323932647705
-0.08376265317201614 -0.17420309782028198
0.058289505541324615 -0.025768965482711792
0.19968076050281525 0.12327063083648682
0.3389955461025238 0.27162957191467285
0.47483912110328674 0.4163781404495239
0.605851411819458 0.5539897680282593
0.7307208180427551 0.6817032098770142
0.8481971025466919 0.7978948354721069
0.9571042656898499 0.9017338752746582
1.056351900100708 0.9928923845291138
1.1449462175369263 1.0714741945266724
1.2220005989074707 1.137958288192749
1.2867432832717896 1.19309401512146
1.3385261297225952 1.2377623319625854
1.3768309354782104 1.272851824760437
1.4012739658355713 1.2991491556167603
1.41161048412323 1.3172502517700195
1.4077372550964355 1.3274805545806885
1.389692783355713 1.3298265933990479
1.3576579093933105 1.323867678642273
1.3119533061981201 1.3087304830551147
1.2530364990234375 1.2830755710601807
1.1814974546432495 1.245177149772644
1.0980522632598877 1.1931281089782715
1.003536343574524 1.1251986026763916
0.8988960981369019 1.04026460647583
0.785179078578949 0.9381526708602905
0.66352379322052 0.8197729587554932
0.5351482033729553 0.6870450973510742
0.40133753418922424 0.5426777601242065
0.26343148946762085 0.38985663652420044
0.1228107362985611 0.23189765214920044
-0.01911688596010208 0.07200008630752563
-0.16093043982982635 -0.0868939459323883
-0.3012101650238037 -0.24211423099040985
-0.43855157494544983 -0.39116793870925903
-0.5715796947479248 -0.5318097472190857
-0.6989626288414001 -0.6626312732696533
-0.8194251656532288 -0.783718466758728
-0.9317612051963806 -0.8961202502250671
-1.0348460674285889 -0.9998404383659363
-1.1276477575302124 -1.0923852920532227
-1.2092370986938477 -1.1701784133911133
-1.2787973880767822 -1.2315515279769897
-1.3356319665908813 -1.2776529788970947
-1.3791720867156982 -1.3109499216079712
-1.4089816808700562 -1.3337080478668213
-1.4247623682022095 -1.3474828004837036
-1.4263560771942139 -1.353178858757019
-1.413746953010559 -1.3511475324630737
-1.3870612382888794 -1.3411933183670044
-1.3465659618377686 -1.322602391242981
-1.2926666736602783 -1.2942416667938232
-1.225903034210205 -1.2546888589859009
-1.1469433307647705 -1.2023730278015137
-1.0565781593322754 -1.1357653141021729
-0.9557121992111206 -1.0536589622497559
-0.8453552722930908 -0.9555451273918152
-0.7266123294830322 -0.8420207500457764
