1.005925655364990234e+00
6.320293545722961426e-01
1.039760828018188477e+00
9.705318212509155273e-01
9.648705124855041504e-01
1.232450366020202637e+00
9.126042723655700684e-01
1.296450495719909668e+00
8.499156236648559570e-01
1.106660127639770508e+00
8.716024160385131836e-01
1.083403587341308594e+00
1.128746986389160156e+00
1.108174562454223633e+00
1.027304410934448242e+00
9.581035375595092773e-01
6.281071305274963379e-01
9.327684044837951660e-01
1.181335687637329102e+00
9.928874373435974121e-01
6.793345808982849121e-01
1.262818574905395508e+00
9.005380868911743164e-01
8.340306878089904785e-01
8.570589423179626465e-01
1.089494705200195312e+00
1.298362493515014648e+00
9.702461957931518555e-01
7.606859207153320312e-01
7.093869447708129883e-01
8.369393348693847656e-01
8.076174259185791016e-01
9.967527985572814941e-01
8.313363790512084961e-01
1.151666283607482910e+00
1.000249147415161133e+00
8.189069032669067383e-01
7.500295639038085938e-01
8.027797937393188477e-01
7.682938575744628906e-01
7.046126127243041992e-01
7.177549600601196289e-01
7.255122065544128418e-01
1.175886154174804688e+00
6.978664398193359375e-01
5.346081852912902832e-01
4.510323405265808105e-01
6.585617065429687500e-01
5.591300725936889648e-01
4.872753918170928955e-01
4.250735938549041748e-01
4.876435697078704834e-01
3.795764744281768799e-01
4.524422585964202881e-01
4.217996001243591309e-01
3.101624846458435059e-01
3.473950028419494629e-01
3.377404510974884033e-01
4.308915138244628906e-01
3.704685270786285400e-01
4.402583837509155273e-01
3.567777276039123535e-01
5.040700435638427734e-01
4.220522046089172363e-01
3.267115950584411621e-01
3.341141343116760254e-01
2.950301468372344971e-01
2.757779955863952637e-01
3.694665133953094482e-01
3.204129040241241455e-01
3.716393113136291504e-01
2.111453860998153687e-01
3.280624151229858398e-01
3.161084353923797607e-01
2.462121695280075073e-01
2.585431337356567383e-01
3.361809551715850830e-01
3.211323618888854980e-01
2.953291833400726318e-01
2.944491803646087646e-01
2.915149927139282227e-01
3.258147537708282471e-01
3.862695395946502686e-01
2.503683567047119141e-01
2.536005377769470215e-01
3.539358079433441162e-01
1.820102483034133911e-01
1.771303564310073853e-01
8.326924592256546021e-02
2.928473353385925293e-01
2.634229958057403564e-01
2.907743453979492188e-01
3.027940690517425537e-01
2.283044904470443726e-01
3.000848889350891113e-01
2.084162235260009766e-01
2.716283798217773438e-01
3.085872530937194824e-01
2.414662241935729980e-01
2.444440871477127075e-01
1.737624853849411011e-01
2.562423944473266602e-01
1.637137532234191895e-01
1.927740871906280518e-01
2.181421220302581787e-01
2.303949892520904541e-01
1.672659963369369507e-01
1.787257790565490723e-01
1.441652178764343262e-01
1.456779092550277710e-01
1.315890997648239136e-01
1.846738606691360474e-01
2.026183605194091797e-01
1.250696331262588501e-01
1.457739621400833130e-01
1.613549292087554932e-01
1.882193833589553833e-01
1.406514644622802734e-01
3.286180496215820312e-01
1.275434792041778564e-01
1.761065423488616943e-01
1.952564418315887451e-01
1.589915603399276733e-01
1.708025634288787842e-01
1.357742547988891602e-01
1.442768722772598267e-01
1.728354245424270630e-01
1.449228972196578979e-01
1.304714530706405640e-01
1.601207703351974487e-01
1.422499120235443115e-01
1.283528655767440796e-01
1.136544719338417053e-01
1.309940963983535767e-01
1.373015344142913818e-01
9.601929038763046265e-02
1.217220276594161987e-01
1.532144546508789062e-01
1.188957989215850830e-01
1.216716542840003967e-01
1.108202114701271057e-01
1.023624092340469360e-01
1.170356720685958862e-01
1.116510629653930664e-01
8.094384521245956421e-02
1.120643392205238342e-01
1.160073652863502502e-01
7.494695484638214111e-02
9.051744639873504639e-02
9.015015512704849243e-02
1.117727458477020264e-01
9.918920695781707764e-02
1.040785610675811768e-01
6.968598067760467529e-02
9.810197353363037109e-02
7.706330716609954834e-02
1.181219369173049927e-01
7.491120696067810059e-02
8.818044513463973999e-02
9.372138231992721558e-02
8.307498693466186523e-02
9.512154012918472290e-02
6.592355668544769287e-02
7.110165804624557495e-02
7.615008205175399780e-02
8.999019861221313477e-02
7.432156801223754883e-02
5.749740451574325562e-02
1.132066622376441956e-01
6.554315984249114990e-02
7.809920608997344971e-02
1.031548529863357544e-01
1.027962490916252136e-01
6.813385337591171265e-02
7.302859425544738770e-02
1.009939983487129211e-01
7.245201617479324341e-02
7.202138751745223999e-02
8.116932958364486694e-02
6.156836077570915222e-02
7.058611512184143066e-02
5.419238656759262085e-02
6.614764034748077393e-02
7.453962415456771851e-02
6.104940548539161682e-02
7.284334301948547363e-02
5.365144088864326477e-02
5.434841662645339966e-02
4.587687551975250244e-02
5.720994621515274048e-02
5.443410202860832214e-02
5.435520783066749573e-02
4.772162809967994690e-02
5.441755056381225586e-02
5.179931595921516418e-02
6.292046606540679932e-02
4.353833571076393127e-02
5.079445242881774902e-02
4.856729134917259216e-02
4.659982398152351379e-02
3.863889724016189575e-02
6.186361610889434814e-02
5.525527894496917725e-02
7.537363469600677490e-02
6.165558844804763794e-02
6.471478193998336792e-02
4.640683904290199280e-02
3.880146518349647522e-02
4.053381830453872681e-02
5.698629096150398254e-02
4.740060120820999146e-02
4.150643944740295410e-02
4.076114296913146973e-02
3.980925679206848145e-02
3.110804408788681030e-02
4.674050211906433105e-02
4.500569403171539307e-02
3.835328668355941772e-02
3.805514425039291382e-02
4.506801068782806396e-02
3.882336243987083435e-02
4.250315576791763306e-02
3.618334978818893433e-02
3.137723356485366821e-02
3.581231459975242615e-02
4.700329899787902832e-02
3.271041437983512878e-02
3.245607763528823853e-02
3.459566086530685425e-02
4.106644541025161743e-02
3.645702451467514038e-02
2.530442178249359131e-02
3.800633922219276428e-02
3.130885958671569824e-02
4.322948679327964783e-02
2.751556411385536194e-02
3.201699629426002502e-02
3.426735103130340576e-02
2.624721452593803406e-02
3.792817518115043640e-02
3.128792345523834229e-02
3.795194998383522034e-02
1.335021015256643295e-02
3.316511586308479309e-02
3.012272529304027557e-02
3.842382133007049561e-02
3.044606931507587433e-02
3.031954914331436157e-02
3.567472472786903381e-02
2.456720173358917236e-02
4.006820544600486755e-02
3.930459171533584595e-02
2.575664781033992767e-02
3.747059777379035950e-02
3.017961978912353516e-02
2.885034121572971344e-02
3.430304676294326782e-02
3.159762546420097351e-02
3.275865316390991211e-02
2.013357542455196381e-02
3.710252046585083008e-02
2.313863486051559448e-02
2.914275601506233215e-02
1.385124865919351578e-02
1.675166003406047821e-02
2.724441885948181152e-02
1.958108693361282349e-02
2.398196421563625336e-02
2.253323048353195190e-02
2.240176871418952942e-02
3.886261209845542908e-02
2.585917338728904724e-02
3.444062545895576477e-02
2.053995057940483093e-02
2.589816972613334656e-02
2.133856900036334991e-02
2.146045304834842682e-02
2.710775658488273621e-02
2.509844675660133362e-02
2.340416982769966125e-02
2.561414614319801331e-02
2.431683614850044250e-02
2.345481887459754944e-02
2.052574045956134796e-02
1.867358386516571045e-02
2.637677825987339020e-02
2.291758358478546143e-02
2.638798393309116364e-02
1.253732293844223022e-02
1.575986295938491821e-02
1.998598501086235046e-02
2.500567771494388580e-02
2.753987349569797516e-02
2.995095029473304749e-02
2.833842299878597260e-02
2.475287765264511108e-02
2.253629267215728760e-02
2.023861370980739594e-02
1.390404812991619110e-02
2.991651184856891632e-02
1.944368146359920502e-02
2.169074118137359619e-02
2.334347739815711975e-02
1.530649885535240173e-02
2.389949373900890350e-02
2.113328501582145691e-02
1.635154336690902710e-02
3.338032215833663940e-02
1.509994547814130783e-02
1.424104068428277969e-02
2.812989056110382080e-02
2.043307572603225708e-02
3.094844706356525421e-02
2.700790762901306152e-02
1.638168096542358398e-02
3.374740481376647949e-02
1.490943320095539093e-02
2.077176049351692200e-02
1.975627429783344269e-02
2.033728547394275665e-02
1.577641628682613373e-02
1.884782873094081879e-02
2.167557366192340851e-02
1.925216801464557648e-02
1.454099826514720917e-02
1.535629853606224060e-02
1.940757781267166138e-02
1.691813766956329346e-02
1.725541986525058746e-02
1.584089547395706177e-02
1.914843544363975525e-02
1.551470346748828888e-02
2.298794500529766083e-02
1.832543872296810150e-02
1.635465212166309357e-02
1.338717341423034668e-02
1.352196186780929565e-02
1.827942021191120148e-02
1.986137591302394867e-02
1.223249360918998718e-02
1.766031235456466675e-02
1.458407565951347351e-02
1.232720818370580673e-02
1.409650407731533051e-02
1.649244502186775208e-02
1.229994744062423706e-02
1.512565184384584427e-02
1.491262391209602356e-02
1.196115836501121521e-02
1.661453954875469208e-02
1.643420569598674774e-02
4.415133036673069000e-03
1.492009684443473816e-02
1.363851875066757202e-02
1.463163364678621292e-02
1.128513831645250320e-02
1.445349119603633881e-02
1.334524899721145630e-02
1.089191064238548279e-02
7.349119056016206741e-03
1.259602047502994537e-02
1.058467663824558258e-02
1.366043556481599808e-02
1.963189989328384399e-02
1.332840509712696075e-02
7.465092465281486511e-03
1.155696623027324677e-02
1.199692860245704651e-02
1.227224804461002350e-02
2.232000604271888733e-02
1.336834207177162170e-02
1.907175593078136444e-02
1.308928616344928741e-02
1.205961219966411591e-02
1.129248552024364471e-02
1.311977393925189972e-02
1.316098961979150772e-02
1.257732324302196503e-02
9.960766881704330444e-03
1.599700376391410828e-02
1.451366394758224487e-02
1.053645648062229156e-02
1.111528277397155762e-02
9.994575753808021545e-03
1.266185473650693893e-02
1.459525059908628464e-02
1.437853649258613586e-02
8.441276848316192627e-03
1.397997792810201645e-02
1.412708964198827744e-02
1.185667980462312698e-02
1.078067813068628311e-02
1.058912090957164764e-02
1.041834987699985504e-02
1.007663924247026443e-02
1.192931365221738815e-02
1.208858098834753036e-02
1.357394922524690628e-02
1.159574929624795914e-02
1.072808634489774704e-02
7.857834920287132263e-03
1.272984594106674194e-02
1.103686727583408356e-02
1.027143932878971100e-02
8.432660251855850220e-03
5.545960273593664169e-03
1.054146792739629745e-02
1.335745956748723984e-02
1.103145349770784378e-02
1.377946510910987854e-02
8.554280735552310944e-03
1.227300427854061127e-02
1.026801578700542450e-02
9.508159011602401733e-03
1.142989378422498703e-02
1.083867251873016357e-02
1.036399416625499725e-02
1.073525939136743546e-02
9.630614891648292542e-03
8.520494215190410614e-03
1.271087210625410080e-02
1.339555345475673676e-02
8.083965629339218140e-03
1.017125975340604782e-02
9.202100336551666260e-03
9.836351498961448669e-03
6.142116151750087738e-03
1.186934299767017365e-02
8.158073760569095612e-03
1.039874553680419922e-02
9.702508337795734406e-03
8.410057984292507172e-03
1.053537521511316299e-02
4.911516327410936356e-03
5.155364517122507095e-03
8.873096667230129242e-03
1.050142850726842880e-02
7.209154311567544937e-03
6.647301837801933289e-03
4.198515787720680237e-03
